   1.99999996E-02   41.3232880    
   3.99999991E-02   42.7051277    
   0.119999997      41.8646278    
   0.140000001      42.1890907    
   0.219999999      39.2612343    
   0.239999995      40.8824234    
   0.319999993      38.7819481    
   0.340000004      37.4694061    
   0.419999987      37.3142662    
   0.439999998      38.4557686    
   0.519999981      37.1368866    
   0.540000021      37.0023994    
   0.620000005      35.2022629    
   0.639999986      36.7419395    
   0.720000029      35.7574921    
   0.740000010      35.5572090    
   0.819999993      34.9843597    
   0.839999974      33.1599770    
   0.920000017      33.9821663    
   0.939999998      33.3559456    
   1.01999998       32.5816689    
   1.03999996       32.3561859    
   1.12000000       30.3668270    
   1.13999999       32.5468292    
   1.22000003       31.4095058    
   1.24000001       31.2654896    
   1.32000005       29.2778378    
   1.34000003       30.7001114    
   1.41999996       30.7720890    
   1.44000006       31.3499069    
   1.51999998       29.1265488    
   1.53999996       28.5056419    
   1.62000000       26.8890991    
   1.63999999       28.9434090    
   1.72000003       26.1589394    
   1.74000001       26.5127411    
   1.82000005       23.8246002    
   1.84000003       25.0966988    
   1.91999996       27.5678043    
   1.94000006       25.4726562    
   2.01999998       24.3022003    
   2.03999996       25.5340233    
   2.11999989       23.9322090    
   2.14000010       24.1329403    
   2.22000003       22.4943066    
   2.24000001       24.6622791    
   2.31999993       23.2380981    
   2.33999991       22.1487503    
   2.42000008       21.4293404    
   2.44000006       21.1241169    
   2.51999998       23.7743607    
   2.53999996       22.5368633    
   2.61999989       20.8080673    
   2.64000010       22.9881153    
   2.72000003       20.9897804    
   2.74000001       21.3545647    
   2.81999993       18.2044086    
   2.83999991       21.6541939    
   2.92000008       20.4017563    
   2.94000006       19.3645630    
   3.01999998       21.2116852    
   3.03999996       19.7349396    
   3.11999989       17.8510685    
   3.14000010       18.7850704    
   3.22000003       17.5694294    
   3.24000001       17.0555286    
   3.31999993       16.6550484    
   3.33999991       18.5769024    
   3.42000008       17.3710976    
   3.44000006       16.8158722    
   3.51999998       17.5676842    
   3.53999996       16.5200043    
   3.61999989       16.1640129    
   3.64000010       14.8663120    
   3.72000003       13.8390274    
   3.74000001       14.5681887    
   3.81999993       16.9851170    
   3.83999991       15.0695305    
   3.92000008       14.2610474    
   3.94000006       13.9656105    
   4.01999998       13.4446735    
   4.03999996       15.2577953    
   4.11999989       13.9778757    
   4.13999987       14.2928820    
   4.21999979       15.4419355    
   4.23999977       13.2488651    
   4.32000017       14.4110117    
   4.34000015       14.7320728    
   4.42000008       13.0910406    
   4.44000006       12.9528770    
   4.51999998       16.3712082    
   4.53999996       12.6904783    
   4.61999989       11.8955956    
   4.63999987       10.9562616    
   4.71999979       12.3876009    
   4.73999977       12.1244278    
   4.82000017       10.0391979    
   4.84000015       11.1587248    
   4.92000008       12.9551678    
   4.94000006       10.1309786    
   5.01999998       11.9620123    
   5.03999996       9.75886154    
   5.11999989       9.89754105    
   5.13999987       10.8049717    
   5.21999979       12.2941427    
   5.23999977       10.5598497    
   5.32000017       10.2896528    
   5.34000015       10.3432941    
   5.42000008       10.4375038    
   5.44000006       9.65144348    
   5.51999998       8.96945572    
   5.53999996       8.60885620    
   5.61999989       10.4840870    
   5.63999987       11.6275625    
   5.71999979       8.81349277    
   5.73999977       8.72659969    
   5.82000017       9.33116245    
   5.84000015       10.4970999    
   5.92000008       9.55162430    
   5.94000006       7.77216625    
   6.01999998       9.80847740    
   6.03999996       7.90576792    
   6.11999989       9.41964054    
   6.13999987       8.68630505    
   6.21999979       6.45594788    
   6.23999977       7.64479589    
   6.32000017       9.03806973    
   6.34000015       8.65289783    
   6.42000008       9.73105526    
   6.44000006       7.93382645    
   6.51999998       7.72249699    
   6.53999996       8.34147167    
   6.61999989       8.23894405    
   6.63999987       5.65784740    
   6.71999979       7.18687534    
   6.73999977       5.93761635    
   6.82000017       6.39465857    
   6.84000015       4.96653366    
   6.92000008       7.18822289    
   6.94000006       6.55668688    
   7.01999998       6.05374289    
   7.03999996       6.28010702    
   7.11999989       6.01796055    
   7.13999987       7.82003546    
   7.21999979       7.84730911    
   7.23999977       6.86555338    
   7.32000017       7.74008274    
   7.34000015       6.86877060    
   7.42000008       7.14734221    
   7.44000006       6.42515182    
   7.51999998       6.36731005    
   7.53999996       6.41486454    
   7.61999989       5.32652950    
   7.63999987       5.55065823    
   7.71999979       6.33460855    
   7.73999977       5.74533844    
   7.82000017       5.29344034    
   7.84000015       4.53990078    
   7.92000008       5.44941664    
   7.94000006       3.59015512    
   8.02000046       6.45689011    
   8.03999996       4.88719893    
   8.11999989       5.46300602    
   8.14000034       6.35281467    
   8.22000027       3.01269388    
   8.23999977       5.34400272    
   8.31999969       5.66307068    
   8.34000015       4.75775957    
   8.42000008       3.65936971    
   8.43999958       5.51032162    
   8.52000046       5.10556078    
   8.53999996       4.60638380    
   8.61999989       6.53897858    
   8.64000034       3.01850414    
   8.72000027       3.74403572    
   8.73999977       3.46303940    
   8.81999969       3.56913161    
   8.84000015       5.56989241    
   8.92000008       4.06400013    
   8.93999958       3.47202635    
   9.02000046       2.77763605    
   9.03999996       4.65113974    
   9.11999989       5.34975338    
   9.14000034       3.49382925    
   9.22000027       5.54737091    
   9.23999977       5.50764322    
   9.31999969       5.52505970    
   9.34000015       3.12174368    
   9.42000008       4.10196400    
   9.43999958       1.61119008    
   9.52000046       2.01661062    
   9.53999996       3.53512478    
   9.61999989       3.79640031    
   9.64000034       1.47947049    
   9.72000027       4.39730930    
   9.73999977       4.22869730    
   9.81999969       3.41146064    
   9.84000015       1.24741817    
   9.92000008       2.65018582    
   9.93999958       2.02829790    