   1.99999996E-02   19.6762238    
   3.99999991E-02   22.5985165    
   0.119999997      23.3426208    
   0.140000001      24.4379616    
   0.219999999      21.5470715    
   0.239999995      24.8513412    
   0.319999993      23.3231697    
   0.340000004      21.5843868    
   0.419999987      23.3363991    
   0.439999998      25.7910080    
   0.519999981      25.4943275    
   0.540000021      25.7482071    
   0.620000005      24.5737343    
   0.639999986      27.6845303    
   0.720000029      27.8565063    
   0.740000010      27.9716644    
   0.819999993      28.7982445    
   0.839999974      26.1165867    
   0.920000017      29.2845440    
   0.939999998      28.6444530    
   1.01999998       29.0263157    
   1.03999996       29.0609856    
   1.12000000       27.3113956    
   1.13999999       31.4577351    
   1.22000003       31.1210976    
   1.24000001       31.2715893    
   1.32000005       29.4303513    
   1.34000003       32.2542801    
   1.41999996       33.8976936    
   1.44000006       35.2625504    
   1.51999998       32.9256935    
   1.53999996       32.2243271    
   1.62000000       30.8830490    
   1.63999999       34.7566833    
   1.72000003       31.3692570    
   1.74000001       32.3168144    
   1.82000005       29.0512180    
   1.84000003       31.5622597    
   1.91999996       37.0984383    
   1.94000006       33.8264885    
   2.01999998       33.0779800    
   2.03999996       35.4989891    
   2.11999989       33.9696426    
   2.14000010       34.6127930    
   2.22000003       32.9795761    
   2.24000001       36.9850273    
   2.31999993       35.6792717    
   2.33999991       34.0907784    
   2.42000008       33.9536324    
   2.44000006       33.6995277    
   2.51999998       39.2999191    
   2.53999996       37.4379463    
   2.61999989       35.4929352    
   2.64000010       39.4800644    
   2.72000003       37.0350685    
   2.74000001       37.9009018    
   2.81999993       33.4439507    
   2.83999991       39.5890694    
   2.92000008       38.3484612    
   2.94000006       36.7924500    
   3.01999998       40.8289795    
   3.03999996       38.5104103    
   3.11999989       36.1150284    
   3.14000010       37.9202652    
   3.22000003       36.6349754    
   3.24000001       35.9492836    
   3.31999993       36.0264244    
   3.33999991       39.5076180    
   3.42000008       38.1696777    
   3.44000006       37.3958664    
   3.51999998       39.3797340    
   3.53999996       37.7532463    
   3.61999989       37.8043442    
   3.64000010       35.7408829    
   3.72000003       34.6079178    
   3.74000001       36.0108147    
   3.81999993       40.7493591    
   3.83999991       37.6102295    
   3.92000008       36.7870216    
   3.94000006       36.4172249    
   4.01999998       36.0548630    
   4.03999996       39.2917595    
   4.11999989       37.5965652    
   4.13999987       38.2573776    
   4.21999979       40.6947784    
   4.23999977       37.0482407    
   4.32000017       39.4770851    
   4.34000015       40.1327744    
   4.42000008       37.7255135    
   4.44000006       37.5863342    
   4.51999998       43.8219376    
   4.53999996       37.6022491    
   4.61999989       36.5851860    
   4.63999987       35.0575790    
   4.71999979       37.8272171    
   4.73999977       37.4513626    
   4.82000017       34.1632271    
   4.84000015       36.1504059    
   4.92000008       39.4874954    
   4.94000006       34.7067795    
   5.01999998       38.0743790    
   5.03999996       34.3511505    
   5.11999989       34.7890778    
   5.13999987       36.3911819    
   5.21999979       39.1160202    
   5.23999977       36.1824379    
   5.32000017       35.8632774    
   5.34000015       35.9877701    
   5.42000008       36.2656174    
   5.44000006       34.9437332    
   5.51999998       33.8635368    
   5.53999996       33.2641907    
   5.61999989       36.5406189    
   5.63999987       38.5129280    
   5.71999979       33.7236214    
   5.73999977       33.5800247    
   5.82000017       34.6245461    
   5.84000015       36.6220093    
   5.92000008       34.9828606    
   5.94000006       31.9244900    
   6.01999998       35.3707390    
   6.03999996       32.0945511    
   6.11999989       34.6191673    
   6.13999987       33.3411369    
   6.21999979       29.4212856    
   6.23999977       31.4320068    
   6.32000017       33.6984901    
   6.34000015       33.0045204    
   6.42000008       34.7054138    
   6.44000006       31.5844498    
   6.51999998       31.0496063    
   6.53999996       32.0644302    
   6.61999989       31.6911011    
   6.63999987       27.2138615    
   6.71999979       29.6126728    
   6.73999977       27.4124031    
   6.82000017       27.9488983    
   6.84000015       25.4358654    
   6.92000008       28.9730072    
   6.94000006       27.8194714    
   7.01999998       26.6615334    
   7.03999996       26.9726315    
   7.11999989       26.2033882    
   7.13999987       29.2096920    
   7.21999979       28.9126549    
   7.23999977       27.1407089    
   7.32000017       28.2723198    
   7.34000015       26.6837769    
   7.42000008       26.7701225    
   7.44000006       25.4313297    
   7.51999998       24.9174824    
   7.53999996       24.8924103    
   7.61999989       22.5886669    
   7.63999987       22.8604832    
   7.71999979       23.7431850    
   7.73999977       22.6148205    
   7.82000017       21.3558826    
   7.84000015       19.9401569    
   7.92000008       20.9921741    
   7.94000006       17.6752281    
   8.02000046       22.0596809    
   8.03999996       19.2334633    
   8.11999989       19.6679878    
   8.14000034       21.0523968    
   8.22000027       14.7513723    
   8.23999977       18.6013260    
   8.31999969       18.5507927    
   8.34000015       16.8466702    
   8.42000008       14.3439398    
   8.43999958       17.3592930    
   8.52000046       16.0234623    
   8.53999996       15.0044937    
   8.61999989       17.6535320    
   8.64000034       11.4496899    
   8.72000027       12.0075417    
   8.73999977       11.3516293    
   8.81999969       10.8257580    
   8.84000015       14.0759850    
   8.92000008       10.7649889    
   8.93999958       9.56510353    
   9.02000046       7.62363052    
   9.03999996       10.6448965    
   9.11999989       11.0699072    
   9.14000034       7.69249201    
   9.22000027       10.4188213    
   9.23999977       10.1495504    
   9.31999969       9.36404419    
   9.34000015       5.03758574    
   9.42000008       5.88136435    
   9.43999958       1.39968109    
   9.52000046       1.23695278    
   9.53999996       3.62305617    
   9.61999989       3.19216013    
   9.64000034      -1.00204587    
   9.72000027       3.10019445    
   9.73999977       2.58360147    
   9.81999969      0.261964232    
   9.84000015      -3.68058777    
   9.92000008      -2.21731305    
   9.93999958      -3.52136207    
